{
 "cells": [
  {
   "cell_type": "code",
   "execution_count": 1,
   "id": "215fcb8d",
   "metadata": {},
   "outputs": [
    {
     "name": "stderr",
     "output_type": "stream",
     "text": [
      "/home/wangp5/miniconda3/envs/tutorial/lib/python3.10/site-packages/tqdm/auto.py:21: TqdmWarning: IProgress not found. Please update jupyter and ipywidgets. See https://ipywidgets.readthedocs.io/en/stable/user_install.html\n",
      "  from .autonotebook import tqdm as notebook_tqdm\n",
      "2024-06-27 12:16:28.156868: I tensorflow/core/util/port.cc:113] oneDNN custom operations are on. You may see slightly different numerical results due to floating-point round-off errors from different computation orders. To turn them off, set the environment variable `TF_ENABLE_ONEDNN_OPTS=0`.\n",
      "2024-06-27 12:16:29.581289: I tensorflow/core/platform/cpu_feature_guard.cc:210] This TensorFlow binary is optimized to use available CPU instructions in performance-critical operations.\n",
      "To enable the following instructions: AVX2 AVX512F AVX512_VNNI FMA, in other operations, rebuild TensorFlow with the appropriate compiler flags.\n",
      "2024-06-27 12:16:33.153818: W tensorflow/compiler/tf2tensorrt/utils/py_utils.cc:38] TF-TRT Warning: Could not find TensorRT\n"
     ]
    }
   ],
   "source": [
    "# import packages\n",
    "\n",
    "# general tools\n",
    "import numpy as np\n",
    "import umap \n",
    "import matplotlib.pyplot as plt\n",
    "from sklearn.manifold import TSNE"
   ]
  },
  {
   "cell_type": "code",
   "execution_count": 28,
   "id": "39e73e8e",
   "metadata": {},
   "outputs": [],
   "source": [
    "data=np.load(\"/mnt/isilon/wang_lab/shared/Belka/analysis/morgan_shuffled_train/data_train0.npz\")"
   ]
  },
  {
   "cell_type": "code",
   "execution_count": 3,
   "id": "bc2d4535",
   "metadata": {},
   "outputs": [],
   "source": [
    "import numpy as np\n",
    "import os, random\n",
    "from pathlib import Path\n",
    "\n",
    "def get_train_files(input_list):\n",
    "    out_list=[]\n",
    "    if type(input_list)==type(None):\n",
    "        return out_list\n",
    "    for item in input_list:\n",
    "        \n",
    "        if os.path.isdir(item):\n",
    "            out_list.extend(list(Path(item).rglob(\"*.npz\")))\n",
    "\n",
    "        elif item[-4:]=='.npz':\n",
    "            out_list.append(item)        \n",
    "    \n",
    "    random.seed(0)\n",
    "    random.shuffle(out_list)\n",
    "    return out_list"
   ]
  },
  {
   "cell_type": "code",
   "execution_count": 29,
   "id": "ea4e4480",
   "metadata": {},
   "outputs": [
    {
     "data": {
      "text/plain": [
       "array([0.333174, 0.332486, 0.33434 ])"
      ]
     },
     "execution_count": 29,
     "metadata": {},
     "output_type": "execute_result"
    }
   ],
   "source": [
    "np.mean(data['protein'],axis=0)"
   ]
  },
  {
   "cell_type": "code",
   "execution_count": 30,
   "id": "3790cf6c",
   "metadata": {},
   "outputs": [
    {
     "name": "stdout",
     "output_type": "stream",
     "text": [
      "[0.333124 0.333236 0.33364 ]\n",
      "[0.334876 0.332182 0.332942]\n",
      "[0.333632 0.332944 0.333424]\n",
      "[0.33391 0.33255 0.33354]\n",
      "[0.333772 0.333874 0.332354]\n",
      "[0.33248  0.334424 0.333096]\n",
      "[0.332442 0.333104 0.334454]\n",
      "[0.33313  0.334054 0.332816]\n",
      "[0.333282 0.333184 0.333534]\n",
      "[0.33226  0.334316 0.333424]\n",
      "[0.332902 0.3335   0.333598]\n",
      "[0.333908 0.332784 0.333308]\n",
      "[0.334242 0.332536 0.333222]\n",
      "[0.332854 0.33351  0.333636]\n",
      "[0.332662 0.332782 0.334556]\n",
      "[0.334144 0.333216 0.33264 ]\n",
      "[0.332992 0.333466 0.333542]\n",
      "[0.332914 0.334022 0.333064]\n",
      "[0.33299  0.333444 0.333566]\n",
      "[0.332958 0.33335  0.333692]\n",
      "[0.333124 0.333336 0.33354 ]\n",
      "[0.333228 0.333782 0.33299 ]\n",
      "[0.33306  0.333608 0.333332]\n",
      "[0.333164 0.332844 0.333992]\n",
      "[0.333574 0.333752 0.332674]\n",
      "[0.332758 0.332804 0.334438]\n",
      "[0.332808 0.333802 0.33339 ]\n",
      "[0.334058 0.333504 0.332438]\n",
      "[0.332842 0.334038 0.33312 ]\n",
      "[0.333684 0.333186 0.33313 ]\n",
      "[0.33321  0.332806 0.333984]\n",
      "[0.332334 0.333102 0.334564]\n",
      "[0.332444 0.33299  0.334566]\n",
      "[0.333494 0.333388 0.333118]\n",
      "[0.33468 0.33333 0.33199]\n",
      "[0.333602 0.332588 0.33381 ]\n",
      "[0.33309 0.33284 0.33407]\n",
      "[0.333756 0.333474 0.33277 ]\n",
      "[0.33396372 0.33208867 0.33394761]\n",
      "[0.333442 0.332846 0.333712]\n",
      "[0.33368 0.33265 0.33367]\n",
      "[0.333724 0.334174 0.332102]\n",
      "[0.333764 0.332852 0.333384]\n",
      "[0.335336 0.332806 0.331858]\n",
      "[0.334398 0.33334  0.332262]\n",
      "[0.334356 0.33364  0.332004]\n",
      "[0.333894 0.332984 0.333122]\n",
      "[0.33372 0.33278 0.3335 ]\n",
      "[0.334102 0.332586 0.333312]\n",
      "[0.332972 0.333648 0.33338 ]\n",
      "[0.333076 0.333456 0.333468]\n",
      "[0.332498 0.333566 0.333936]\n",
      "[0.333062 0.334282 0.332656]\n",
      "[0.332828 0.335132 0.33204 ]\n",
      "[0.334096 0.333322 0.332582]\n",
      "[0.33252  0.333198 0.334282]\n",
      "[0.333664 0.332186 0.33415 ]\n",
      "[0.332752 0.334912 0.332336]\n",
      "[0.333362 0.332782 0.333856]\n",
      "[0.33331  0.333738 0.332952]\n",
      "[0.33479  0.333042 0.332168]\n",
      "[0.333634 0.33326  0.333106]\n",
      "[0.33384  0.333306 0.332854]\n",
      "[0.332784 0.333092 0.334124]\n",
      "[0.334134 0.332296 0.33357 ]\n",
      "[0.333804 0.332184 0.334012]\n",
      "[0.332838 0.333682 0.33348 ]\n",
      "[0.332386 0.333674 0.33394 ]\n",
      "[0.333628 0.33216  0.334212]\n",
      "[0.33336  0.333408 0.333232]\n",
      "[0.33267  0.333722 0.333608]\n",
      "[0.332312 0.333944 0.333744]\n",
      "[0.333576 0.332686 0.333738]\n",
      "[0.333006 0.333446 0.333548]\n",
      "[0.332654 0.333536 0.33381 ]\n",
      "[0.332518 0.333836 0.333646]\n",
      "[0.33309  0.332764 0.334146]\n",
      "[0.3336   0.334088 0.332312]\n",
      "[0.333286 0.333866 0.332848]\n",
      "[0.333172 0.332834 0.333994]\n",
      "[0.333816 0.333584 0.3326  ]\n",
      "[0.334032 0.332954 0.333014]\n",
      "[0.333682 0.332898 0.33342 ]\n",
      "[0.332976 0.33354  0.333484]\n",
      "[0.332856 0.33372  0.333424]\n",
      "[0.333582 0.332744 0.333674]\n",
      "[0.333358 0.333876 0.332766]\n",
      "[0.333386 0.332912 0.333702]\n",
      "[0.33375  0.333156 0.333094]\n",
      "[0.332576 0.334198 0.333226]\n",
      "[0.332776 0.333734 0.33349 ]\n",
      "[0.33308  0.334774 0.332146]\n",
      "[0.333338 0.33282  0.333842]\n",
      "[0.33271 0.3331  0.33419]\n",
      "[0.333828 0.332598 0.333574]\n",
      "[0.333042 0.334038 0.33292 ]\n",
      "[0.333434 0.333002 0.333564]\n",
      "[0.334082 0.331722 0.334196]\n",
      "[0.33477 0.33277 0.33246]\n",
      "[0.333858 0.333678 0.332464]\n",
      "[0.334312 0.332462 0.333226]\n",
      "[0.333486 0.333808 0.332706]\n",
      "[0.332566 0.333222 0.334212]\n",
      "[0.33363  0.332194 0.334176]\n",
      "[0.33255  0.333798 0.333652]\n",
      "[0.334244 0.33338  0.332376]\n",
      "[0.33261  0.333668 0.333722]\n",
      "[0.333616 0.333254 0.33313 ]\n",
      "[0.33338 0.33322 0.3334 ]\n",
      "[0.333274 0.3335   0.333226]\n",
      "[0.333092 0.333414 0.333494]\n",
      "[0.334004 0.333122 0.332874]\n",
      "[0.333972 0.332704 0.333324]\n",
      "[0.333182 0.332902 0.333916]\n",
      "[0.333264 0.333406 0.33333 ]\n",
      "[0.33243  0.334208 0.333362]\n",
      "[0.332596 0.333618 0.333786]\n",
      "[0.332542 0.33489  0.332568]\n",
      "[0.333224 0.333118 0.333658]\n",
      "[0.332576 0.334446 0.332978]\n",
      "[0.333446 0.33357  0.332984]\n",
      "[0.3341   0.332472 0.333428]\n",
      "[0.333954 0.333576 0.33247 ]\n",
      "[0.333004 0.33349  0.333506]\n",
      "[0.333424 0.333172 0.333404]\n",
      "[0.33479  0.332254 0.332956]\n",
      "[0.333326 0.333192 0.333482]\n",
      "[0.33289  0.333708 0.333402]\n",
      "[0.333268 0.332984 0.333748]\n",
      "[0.333758 0.332332 0.33391 ]\n",
      "[0.333958 0.333246 0.332796]\n",
      "[0.334508 0.332464 0.333028]\n",
      "[0.333052 0.333008 0.33394 ]\n",
      "[0.33303  0.333784 0.333186]\n",
      "[0.332852 0.334358 0.33279 ]\n",
      "[0.332826 0.334282 0.332892]\n",
      "[0.3338   0.332234 0.333966]\n",
      "[0.332862 0.333832 0.333306]\n",
      "[0.333368 0.334196 0.332436]\n",
      "[0.33422  0.333894 0.331886]\n",
      "[0.33167  0.334326 0.334004]\n",
      "[0.33277  0.334264 0.332966]\n",
      "[0.33293 0.33309 0.33398]\n",
      "[0.333692 0.333422 0.332886]\n",
      "[0.332994 0.333734 0.333272]\n",
      "[0.333754 0.333566 0.33268 ]\n",
      "[0.332284 0.3326   0.335116]\n",
      "[0.333528 0.333588 0.332884]\n",
      "[0.33323 0.33304 0.33373]\n",
      "[0.332566 0.333206 0.334228]\n",
      "[0.334928 0.33157  0.333502]\n",
      "[0.333232 0.332464 0.334304]\n",
      "[0.331704 0.333834 0.334462]\n",
      "[0.333054 0.33354  0.333406]\n",
      "[0.333162 0.33411  0.332728]\n",
      "[0.33451  0.332682 0.332808]\n",
      "[0.334128 0.332754 0.333118]\n",
      "[0.334176 0.331888 0.333936]\n",
      "[0.332824 0.333682 0.333494]\n",
      "[0.332928 0.333838 0.333234]\n",
      "[0.33395  0.332674 0.333376]\n",
      "[0.332948 0.334648 0.332404]\n",
      "[0.334092 0.33213  0.333778]\n",
      "[0.332434 0.333112 0.334454]\n",
      "[0.335126 0.33213  0.332744]\n",
      "[0.333956 0.333574 0.33247 ]\n",
      "[0.333814 0.33194  0.334246]\n",
      "[0.333294 0.333152 0.333554]\n",
      "[0.333522 0.332894 0.333584]\n",
      "[0.332868 0.333974 0.333158]\n",
      "[0.333628 0.333508 0.332864]\n",
      "[0.333668 0.333068 0.333264]\n",
      "[0.333388 0.333696 0.332916]\n",
      "[0.333424 0.332962 0.333614]\n",
      "[0.334218 0.332698 0.333084]\n",
      "[0.333112 0.334038 0.33285 ]\n",
      "[0.332642 0.333444 0.333914]\n",
      "[0.334022 0.333462 0.332516]\n",
      "[0.333874 0.332216 0.33391 ]\n",
      "[0.332634 0.333394 0.333972]\n",
      "[0.335016 0.33266  0.332324]\n",
      "[0.332326 0.334386 0.333288]\n",
      "[0.333638 0.333274 0.333088]\n",
      "[0.333546 0.333094 0.33336 ]\n",
      "[0.334268 0.332538 0.333194]\n",
      "[0.333394 0.333526 0.33308 ]\n",
      "[0.332106 0.333094 0.3348  ]\n",
      "[0.333978 0.332984 0.333038]\n",
      "[0.3335 0.3324 0.3341]\n",
      "[0.333714 0.333576 0.33271 ]\n",
      "[0.332862 0.333594 0.333544]\n",
      "[0.334162 0.33252  0.333318]\n",
      "[0.333976 0.332242 0.333782]\n",
      "[0.33307  0.334158 0.332772]\n",
      "[0.332264 0.333382 0.334354]\n",
      "[0.333174 0.332486 0.33434 ]\n",
      "[0.332952 0.333854 0.333194]\n",
      "[0.332724 0.333618 0.333658]\n",
      "[0.333852 0.332762 0.333386]\n",
      "[0.333552 0.332594 0.333854]\n",
      "[0.3338  0.33388 0.33232]\n",
      "[0.333344 0.334134 0.332522]\n",
      "[0.332996 0.333522 0.333482]\n",
      "[0.33351  0.334068 0.332422]\n",
      "[0.332622 0.334192 0.333186]\n",
      "[0.334856 0.331574 0.33357 ]\n",
      "[0.332694 0.333256 0.33405 ]\n",
      "[0.332812 0.333232 0.333956]\n",
      "[0.332712 0.33402  0.333268]\n",
      "[0.33358  0.332914 0.333506]\n",
      "[0.332756 0.333682 0.333562]\n",
      "[0.333132 0.331976 0.334892]\n",
      "[0.333236 0.333468 0.333296]\n",
      "[0.334338 0.332138 0.333524]\n",
      "[0.331794 0.33452  0.333686]\n",
      "[0.334286 0.333124 0.33259 ]\n",
      "[0.332538 0.333212 0.33425 ]\n",
      "[0.333052 0.33362  0.333328]\n",
      "[0.333536 0.333018 0.333446]\n",
      "[0.332348 0.33386  0.333792]\n",
      "[0.332874 0.334502 0.332624]\n",
      "[0.332634 0.333758 0.333608]\n",
      "[0.332484 0.33425  0.333266]\n",
      "[0.333098 0.33395  0.332952]\n",
      "[0.333972 0.333292 0.332736]\n",
      "[0.333718 0.33392  0.332362]\n",
      "[0.333582 0.333588 0.33283 ]\n",
      "[0.333422 0.333438 0.33314 ]\n",
      "[0.332462 0.333272 0.334266]\n",
      "[0.333704 0.333456 0.33284 ]\n",
      "[0.333134 0.33346  0.333406]\n",
      "[0.333832 0.333118 0.33305 ]\n",
      "[0.333372 0.33275  0.333878]\n",
      "[0.333154 0.333186 0.33366 ]\n",
      "[0.333888 0.333866 0.332246]\n",
      "[0.333648 0.333634 0.332718]\n",
      "[0.333218 0.332938 0.333844]\n",
      "[0.333342 0.333968 0.33269 ]\n",
      "[0.33373  0.333748 0.332522]\n",
      "[0.332944 0.333322 0.333734]\n",
      "[0.33439  0.331862 0.333748]\n",
      "[0.333054 0.3327   0.334246]\n",
      "[0.333878 0.333204 0.332918]\n",
      "[0.33303  0.333906 0.333064]\n",
      "[0.33294  0.333312 0.333748]\n",
      "[0.332418 0.334706 0.332876]\n",
      "[0.333594 0.333436 0.33297 ]\n",
      "[0.334192 0.332872 0.332936]\n",
      "[0.332984 0.334496 0.33252 ]\n",
      "[0.334956 0.332968 0.332076]\n",
      "[0.333436 0.333684 0.33288 ]\n",
      "[0.33344  0.333366 0.333194]\n",
      "[0.333366 0.334052 0.332582]\n",
      "[0.334118 0.332784 0.333098]\n",
      "[0.334446 0.332752 0.332802]\n",
      "[0.332964 0.332894 0.334142]\n",
      "[0.333006 0.333204 0.33379 ]\n",
      "[0.333748 0.33264  0.333612]\n",
      "[0.334196 0.333616 0.332188]\n",
      "[0.332914 0.33387  0.333216]\n",
      "[0.3334   0.333622 0.332978]\n",
      "[0.33463 0.33223 0.33314]\n",
      "[0.334768 0.332622 0.33261 ]\n",
      "[0.333014 0.333298 0.333688]\n",
      "[0.333072 0.334402 0.332526]\n",
      "[0.333268 0.333698 0.333034]\n",
      "[0.334544 0.33395  0.331506]\n",
      "[0.333618 0.332204 0.334178]\n",
      "[0.332722 0.334202 0.333076]\n",
      "[0.333878 0.333134 0.332988]\n",
      "[0.332772 0.334508 0.33272 ]\n",
      "[0.332942 0.333294 0.333764]\n",
      "[0.333824 0.332922 0.333254]\n",
      "[0.333854 0.33383  0.332316]\n",
      "[0.333644 0.334282 0.332074]\n",
      "[0.33365  0.333156 0.333194]\n",
      "[0.332996 0.332958 0.334046]\n",
      "[0.333114 0.334162 0.332724]\n",
      "[0.33308  0.333732 0.333188]\n",
      "[0.333358 0.332966 0.333676]\n",
      "[0.333002 0.333712 0.333286]\n",
      "[0.333768 0.333428 0.332804]\n",
      "[0.333852 0.332872 0.333276]\n",
      "[0.334266 0.333938 0.331796]\n",
      "[0.333482 0.332824 0.333694]\n",
      "[0.333462 0.334388 0.33215 ]\n",
      "[0.333202 0.333534 0.333264]\n",
      "[0.332068 0.334236 0.333696]\n"
     ]
    },
    {
     "name": "stdout",
     "output_type": "stream",
     "text": [
      "[0.33241  0.334812 0.332778]\n",
      "[0.334206 0.332808 0.332986]\n",
      "[0.332486 0.334516 0.332998]\n",
      "[0.332646 0.333818 0.333536]\n",
      "[0.333814 0.332552 0.333634]\n",
      "[0.33362  0.332562 0.333818]\n",
      "[0.333076 0.33397  0.332954]\n",
      "[0.332896 0.332618 0.334486]\n",
      "[0.332936 0.33406  0.333004]\n",
      "[0.333658 0.333296 0.333046]\n",
      "[0.332792 0.333558 0.33365 ]\n",
      "[0.333976 0.33206  0.333964]\n",
      "[0.333706 0.332602 0.333692]\n",
      "[0.333824 0.333536 0.33264 ]\n",
      "[0.333614 0.334224 0.332162]\n",
      "[0.33239 0.33443 0.33318]\n",
      "[0.333438 0.333008 0.333554]\n",
      "[0.333268 0.33247  0.334262]\n",
      "[0.333134 0.333802 0.333064]\n",
      "[0.333456 0.33381  0.332734]\n",
      "[0.332896 0.333622 0.333482]\n",
      "[0.332836 0.333606 0.333558]\n",
      "[0.334202 0.33369  0.332108]\n",
      "[0.333008 0.333452 0.33354 ]\n",
      "[0.33454  0.332662 0.332798]\n",
      "[0.33366  0.333418 0.332922]\n",
      "[0.334654 0.333706 0.33164 ]\n",
      "[0.333372 0.333688 0.33294 ]\n",
      "[0.332026 0.334314 0.33366 ]\n",
      "[0.333304 0.332406 0.33429 ]\n",
      "[0.332404 0.334234 0.333362]\n",
      "[0.333418 0.333046 0.333536]\n",
      "[0.334278 0.332308 0.333414]\n",
      "[0.3335   0.333992 0.332508]\n",
      "[0.33337  0.333792 0.332838]\n",
      "[0.332534 0.333516 0.33395 ]\n",
      "[0.334374 0.332766 0.33286 ]\n",
      "[0.33352  0.333096 0.333384]\n",
      "[0.333156 0.334312 0.332532]\n",
      "[0.334438 0.332458 0.333104]\n",
      "[0.332996 0.33342  0.333584]\n",
      "[0.334382 0.332212 0.333406]\n",
      "[0.334388 0.332622 0.33299 ]\n",
      "[0.332924 0.333128 0.333948]\n",
      "[0.332844 0.333536 0.33362 ]\n",
      "[0.332416 0.333382 0.334202]\n",
      "[0.333724 0.331964 0.334312]\n",
      "[0.33251  0.333508 0.333982]\n",
      "[0.333332 0.333178 0.33349 ]\n",
      "[0.332822 0.333404 0.333774]\n",
      "[0.333548 0.333318 0.333134]\n",
      "[0.332882 0.333236 0.333882]\n",
      "[0.333294 0.333418 0.333288]\n",
      "[0.333458 0.33223  0.334312]\n",
      "[0.332514 0.333712 0.333774]\n",
      "[0.332838 0.33368  0.333482]\n",
      "[0.333752 0.333362 0.332886]\n",
      "[0.332408 0.333262 0.33433 ]\n",
      "[0.333016 0.333316 0.333668]\n",
      "[0.332748 0.333176 0.334076]\n",
      "[0.334898 0.331706 0.333396]\n",
      "[0.333668 0.333634 0.332698]\n",
      "[0.333292 0.332726 0.333982]\n",
      "[0.334092 0.33132  0.334588]\n",
      "[0.333806 0.333316 0.332878]\n",
      "[0.333744 0.333724 0.332532]\n",
      "[0.333326 0.332818 0.333856]\n",
      "[0.334424 0.332058 0.333518]\n",
      "[0.334248 0.33264  0.333112]\n",
      "[0.333438 0.332456 0.334106]\n",
      "[0.333094 0.33281  0.334096]\n",
      "[0.33412  0.334502 0.331378]\n",
      "[0.33324  0.332798 0.333962]\n",
      "[0.334236 0.332798 0.332966]\n",
      "[0.332546 0.334236 0.333218]\n",
      "[0.333426 0.334732 0.331842]\n",
      "[0.331762 0.334074 0.334164]\n",
      "[0.334078 0.333454 0.332468]\n",
      "[0.332238 0.33343  0.334332]\n",
      "[0.332632 0.333812 0.333556]\n",
      "[0.332618 0.333644 0.333738]\n",
      "[0.333068 0.332992 0.33394 ]\n",
      "[0.333516 0.332924 0.33356 ]\n",
      "[0.333356 0.333598 0.333046]\n",
      "[0.333618 0.333184 0.333198]\n",
      "[0.33346 0.33323 0.33331]\n",
      "[0.333384 0.332348 0.334268]\n",
      "[0.333096 0.33433  0.332574]\n",
      "[0.333532 0.3331   0.333368]\n",
      "[0.33301  0.332886 0.334104]\n",
      "[0.332514 0.33357  0.333916]\n",
      "[0.334002 0.332738 0.33326 ]\n",
      "[0.332702 0.333988 0.33331 ]\n",
      "[0.333336 0.334714 0.33195 ]\n",
      "[0.33313  0.333512 0.333358]\n",
      "[0.332774 0.332352 0.334874]\n",
      "[0.332636 0.334142 0.333222]\n",
      "[0.333652 0.33313  0.333218]\n",
      "[0.333242 0.33312  0.333638]\n",
      "[0.334128 0.33209  0.333782]\n",
      "[0.332862 0.334212 0.332926]\n",
      "[0.332668 0.333148 0.334184]\n",
      "[0.333838 0.332682 0.33348 ]\n",
      "[0.33323  0.333482 0.333288]\n",
      "[0.332472 0.333368 0.33416 ]\n",
      "[0.333486 0.33366  0.332854]\n",
      "[0.332154 0.333622 0.334224]\n",
      "[0.332232 0.333602 0.334166]\n",
      "[0.332812 0.334096 0.333092]\n",
      "[0.333076 0.333522 0.333402]\n",
      "[0.332662 0.33424  0.333098]\n",
      "[0.33243 0.33329 0.33428]\n",
      "[0.33242  0.334742 0.332838]\n",
      "[0.332102 0.333826 0.334072]\n",
      "[0.333638 0.333432 0.33293 ]\n",
      "[0.332812 0.333796 0.333392]\n",
      "[0.33289  0.334942 0.332168]\n",
      "[0.333456 0.333824 0.33272 ]\n",
      "[0.333664 0.332534 0.333802]\n",
      "[0.33376  0.333522 0.332718]\n",
      "[0.333048 0.332514 0.334438]\n",
      "[0.33372 0.33287 0.33341]\n",
      "[0.333484 0.333688 0.332828]\n",
      "[0.332422 0.333118 0.33446 ]\n",
      "[0.333674 0.333034 0.333292]\n",
      "[0.333326 0.333382 0.333292]\n",
      "[0.33311  0.333374 0.333516]\n",
      "[0.33409  0.332756 0.333154]\n",
      "[0.33265  0.334884 0.332466]\n",
      "[0.333768 0.33228  0.333952]\n",
      "[0.333578 0.332906 0.333516]\n",
      "[0.334264 0.33349  0.332246]\n",
      "[0.334178 0.33232  0.333502]\n",
      "[0.33237  0.333536 0.334094]\n",
      "[0.333142 0.332748 0.33411 ]\n",
      "[0.332866 0.333262 0.333872]\n",
      "[0.33411  0.332438 0.333452]\n",
      "[0.33409  0.333392 0.332518]\n",
      "[0.333708 0.334818 0.331474]\n",
      "[0.33286  0.332936 0.334204]\n",
      "[0.333224 0.333816 0.33296 ]\n",
      "[0.333258 0.333148 0.333594]\n",
      "[0.33285 0.33316 0.33399]\n",
      "[0.332596 0.333714 0.33369 ]\n",
      "[0.332644 0.333528 0.333828]\n",
      "[0.333066 0.3337   0.333234]\n",
      "[0.33364 0.33325 0.33311]\n",
      "[0.33323  0.332794 0.333976]\n",
      "[0.333562 0.334042 0.332396]\n",
      "[0.333384 0.334014 0.332602]\n",
      "[0.33287  0.334846 0.332284]\n",
      "[0.334392 0.33283  0.332778]\n",
      "[0.33334 0.33245 0.33421]\n",
      "[0.33342  0.333274 0.333306]\n",
      "[0.333898 0.333346 0.332756]\n",
      "[0.33357  0.333008 0.333422]\n",
      "[0.33298  0.333608 0.333412]\n",
      "[0.33356  0.333542 0.332898]\n",
      "[0.333176 0.332674 0.33415 ]\n",
      "[0.332522 0.332972 0.334506]\n",
      "[0.333898 0.332626 0.333476]\n",
      "[0.334656 0.333108 0.332236]\n",
      "[0.332982 0.33356  0.333458]\n",
      "[0.333236 0.333478 0.333286]\n",
      "[0.332794 0.334636 0.33257 ]\n",
      "[0.332294 0.33466  0.333046]\n",
      "[0.333446 0.333068 0.333486]\n",
      "[0.3332   0.333308 0.333492]\n",
      "[0.333236 0.333448 0.333316]\n",
      "[0.333534 0.333764 0.332702]\n",
      "[0.333642 0.333158 0.3332  ]\n",
      "[0.333454 0.332142 0.334404]\n",
      "[0.334386 0.333286 0.332328]\n",
      "[0.333374 0.332792 0.333834]\n",
      "[0.33249  0.333548 0.333962]\n",
      "[0.332542 0.333756 0.333702]\n",
      "[0.333186 0.33244  0.334374]\n",
      "[0.333162 0.333436 0.333402]\n",
      "[0.33264  0.334004 0.333356]\n",
      "[0.334412 0.331998 0.33359 ]\n",
      "[0.333694 0.333162 0.333144]\n",
      "[0.333222 0.33343  0.333348]\n",
      "[0.332542 0.33525  0.332208]\n",
      "[0.333332 0.333702 0.332966]\n",
      "[0.333114 0.333516 0.33337 ]\n"
     ]
    }
   ],
   "source": [
    "for file in get_train_files(['/mnt/isilon/wang_lab/shared/Belka/analysis/morgan_shuffled_train/']):\n",
    "    data=np.load(file)\n",
    "    print(np.mean(data['protein'],axis=0))"
   ]
  },
  {
   "cell_type": "code",
   "execution_count": 39,
   "id": "debc409d",
   "metadata": {},
   "outputs": [],
   "source": [
    "p_map = {'BRD4': 0, 'HSA': 1, 'sEH': 2}"
   ]
  },
  {
   "cell_type": "code",
   "execution_count": 48,
   "id": "8410542a",
   "metadata": {},
   "outputs": [],
   "source": [
    "p_list=['BRD4', 'HSA', 'sEH']"
   ]
  },
  {
   "cell_type": "code",
   "execution_count": 63,
   "id": "e34c11d6",
   "metadata": {},
   "outputs": [
    {
     "name": "stdout",
     "output_type": "stream",
     "text": [
      "0.004641053813409224\n",
      "0.004269660226196044\n",
      "0.007649158592554819\n"
     ]
    }
   ],
   "source": [
    "for p in p_list:\n",
    "    p_filter = data['protein'][:,p_map.get(p)]==1\n",
    "    print(np.mean(data['labels'][p_filter]))"
   ]
  },
  {
   "cell_type": "code",
   "execution_count": 60,
   "id": "7f5932f7",
   "metadata": {},
   "outputs": [
    {
     "data": {
      "text/plain": [
       "0.004269660226196044"
      ]
     },
     "execution_count": 60,
     "metadata": {},
     "output_type": "execute_result"
    }
   ],
   "source": [
    "p_filter = data['protein'][:,1]==1\n",
    "np.mean(data['labels'][p_filter])\n"
   ]
  },
  {
   "cell_type": "code",
   "execution_count": 65,
   "id": "7eecbb90",
   "metadata": {},
   "outputs": [
    {
     "data": {
      "text/plain": [
       "[1]"
      ]
     },
     "execution_count": 65,
     "metadata": {},
     "output_type": "execute_result"
    }
   ],
   "source": [
    "p=[]\n",
    "p.append(1)\n",
    "p"
   ]
  },
  {
   "cell_type": "code",
   "execution_count": 96,
   "id": "f6f05b4d",
   "metadata": {
    "scrolled": true
   },
   "outputs": [
    {
     "name": "stdout",
     "output_type": "stream",
     "text": [
      "2735 0.00547 0.0047790012127616145 0.004087193460490463 0.0075410622227550655\n",
      "2694 0.005388 0.00462857893668104 0.004070057980263831 0.007466765983264352\n",
      "2666 0.005332 0.0046758104738154616 0.004072756980152819 0.007246029080090216\n",
      "2649 0.005298 0.004504207720643287 0.004095624718087505 0.007291479282844637\n",
      "2651 0.005302 0.004565991155639179 0.0042471111856568645 0.007100862333535928\n",
      "2781 0.005562 0.004679980750721848 0.004216204578618759 0.0077935490068929076\n",
      "2667 0.005334 0.004584258306712149 0.004304961813727845 0.007104115962135301\n",
      "2733 0.005466 0.004604808933449404 0.004107120405682913 0.007691937887601558\n",
      "2671 0.005342 0.004902755024273738 0.003913753361505954 0.007207660988085173\n",
      "2680 0.00536 0.004484439896466623 0.004289354981514495 0.007306012764528048\n",
      "2708 0.005416 0.004986452469495527 0.004083958020989506 0.007176302016199138\n",
      "2673 0.005346 0.0047438216514728605 0.004104764652146738 0.007188546329521044\n",
      "2663 0.005326 0.004667277002890121 0.004023624509827507 0.007286433668845394\n",
      "2673 0.005346 0.004614635846347047 0.0040718419237803965 0.00734932681125538\n",
      "2652 0.005304 0.00476760195032796 0.004086759500213353 0.007048147395353842\n",
      "2746 0.005492 0.004818281938325991 0.004369538077403246 0.007293169793169793\n",
      "2639 0.005278 0.0046847972323659426 0.004114362483731475 0.007033596968297845\n",
      "2731 0.005462 0.004673879740713818 0.004466771649771572 0.007247856267864434\n",
      "2614 0.005228 0.0045647016426919726 0.004228596106092777 0.00688919134444158\n",
      "2774 0.005548 0.004973600273908421 0.0042897855107244635 0.007378061206142191\n",
      "2728 0.005456 0.004706955968348123 0.004133966928264574 0.0075253342927385026\n",
      "2621 0.005242 0.004465411069898088 0.004020588288164131 0.007243460764587525\n",
      "2648 0.005296 0.004503693028283192 0.0040466655475887865 0.007338029352117408\n",
      "2671 0.005342 0.004262165179911395 0.004512624532814171 0.007245682531318115\n",
      "2745 0.00549 0.0046046754243436235 0.0041887389438864785 0.007683197364386757\n",
      "2657 0.005314 0.004633998281033063 0.004098508431389046 0.007200138740214928\n",
      "2711 0.005422 0.004489074781856206 0.004068279998322359 0.007708689522781127\n",
      "2701 0.005402 0.004723730609654611 0.004059921320284015 0.007429956864137072\n",
      "2703 0.005406 0.004398483364479243 0.004298912099820978 0.007522814601344861\n",
      "2735 0.00547 0.0048788674314621016 0.004159838648682718 0.007372497223306217\n",
      "2764 0.005528 0.004801776657363224 0.004080455280253361 0.007694979400210788\n",
      "2713 0.005426 0.004663982619894444 0.004154883489141464 0.007448500137492378\n",
      "2760 0.00552 0.004812840658877886 0.004162287155770443 0.007573991379877214\n",
      "2693 0.005386 0.00471372798311214 0.0038153742786183067 0.007630929580509009\n",
      "2641 0.005282 0.00461933787498506 0.004086040860408604 0.0071508177957167384\n",
      "2681 0.005362 0.004532346928375729 0.004239479476108579 0.007309547347293371\n",
      "2641 0.005282 0.004437239184604761 0.0041581540680206705 0.007243990780375371\n",
      "2686 0.005372 0.004518270832584283 0.0042881903836580965 0.0073143612705472245\n",
      "1007 0.0054102553081750195 0.004874517374517375 0.004125479283622656 0.007223643354730762\n",
      "2621 0.005242 0.004690470906484486 0.003965797996671133 0.007065973054609963\n",
      "2607 0.005214 0.004315511867657636 0.004262738614159026 0.00706086852279198\n",
      "2684 0.005368 0.004584626817370042 0.0041236002800936035 0.007407362798176464\n",
      "2721 0.005442 0.004632015436056615 0.0043562904834581135 0.007336884793511386\n",
      "2721 0.005442 0.004860796335615621 0.004170597885855424 0.007304328959976857\n",
      "2692 0.005384 0.004395959305976711 0.004355912881742365 0.007409815145878854\n",
      "2715 0.00543 0.004719520511072031 0.004447907924709268 0.007132444187419429\n",
      "2745 0.00549 0.004791939956992339 0.004420632823198712 0.007258601953638607\n",
      "2706 0.005412 0.0046326261536617525 0.004026684295931246 0.007574212893553223\n",
      "2721 0.005442 0.004453729699313383 0.004083154432237075 0.00778849846390169\n",
      "2679 0.005358 0.0047091046694616966 0.004142089867165396 0.0072229887815705805\n",
      "2679 0.005358 0.0045395044974720486 0.004174463797322585 0.007359026953110943\n",
      "2644 0.005288 0.0043669435605627705 0.0038852880689278883 0.007606247903789947\n",
      "2678 0.005356 0.004749866391242472 0.003900898044166303 0.007425087778365639\n",
      "2771 0.005542 0.004645041883495379 0.004434073738109163 0.00755933020118058\n",
      "2615 0.00523 0.004364015133374839 0.004116139948758258 0.007216265462352141\n",
      "2716 0.005432 0.004715505834235535 0.004231718077539481 0.007341107208883518\n",
      "2728 0.005456 0.005058981490361561 0.004214506330790581 0.0070866377375430195\n",
      "2695 0.00539 0.004868490647689571 0.0043056086374928335 0.007004958836839824\n",
      "2659 0.005318 0.004859582075941469 0.0038884314656441755 0.0072007092878366725\n",
      "2686 0.005372 0.004440310821757523 0.004134980134117182 0.007544631057930272\n",
      "2743 0.005486 0.004671585172794887 0.004275736994132872 0.007520290937116158\n",
      "2687 0.005374 0.00456188517956803 0.004050891196063134 0.007511122585603381\n",
      "2632 0.005264 0.004535106637910376 0.003996327698871307 0.00726444627374164\n",
      "2744 0.005488 0.0045615173806433 0.004167016920250261 0.007727669966838659\n",
      "2715 0.00543 0.004507173768607804 0.003942268339071189 0.007836436130347454\n",
      "2723 0.005446 0.004463697259469629 0.0042205524648989716 0.0076464318647234235\n",
      "2681 0.005362 0.004548759456552437 0.004093717971002332 0.007442725200911599\n",
      "2726 0.005452 0.004663252964926321 0.004099809994185942 0.007588189495118884\n",
      "2727 0.005454 0.004921649262052346 0.0039619460500963394 0.007468313525546659\n",
      "2656 0.005312 0.004595632349412047 0.004097082253575199 0.007244202237480194\n",
      "2699 0.005398 0.004761475335918478 0.003961381029719348 0.007469844847845375\n",
      "2752 0.005504 0.004796697079852669 0.004144407445559734 0.007568675391917158\n",
      "2701 0.005402 0.004688586708875939 0.004136032174482845 0.007377044268258334\n",
      "2722 0.005444 0.004312234614391332 0.004216574797718371 0.007800976171345653\n",
      "2764 0.005528 0.004899986171818165 0.00414947711791231 0.007531230340612923\n",
      "2816 0.005632 0.004883946132239457 0.004349441042907296 0.007660814156321371\n",
      "2733 0.005466 0.004713440811792609 0.004267288528807203 0.0074099345794951905\n",
      "2729 0.005458 0.004772182254196643 0.0043222145063576065 0.007288331447555309\n",
      "2605 0.00521 0.004368620344088861 0.004115423553162047 0.0071504109984136905\n",
      "2741 0.005482 0.004838341757410587 0.004326481068640824 0.007275579800834746\n",
      "2690 0.00538 0.004781077000503271 0.003897069403808336 0.007468430547203848\n",
      "2732 0.005464 0.004724098289984193 0.004270860238951927 0.007399088326616899\n",
      "2686 0.005372 0.004393404498894157 0.004265570835511177 0.007456061424029752\n",
      "2669 0.005338 0.004618951516025179 0.004107453378905079 0.007286706408703266\n",
      "2692 0.005384 0.004542504866969501 0.004165168404650605 0.007443975238735064\n",
      "2721 0.005442 0.004592573939840879 0.004279566273170966 0.007450385705808664\n",
      "2675 0.00535 0.004571661697034419 0.004175202769890618 0.007308438963115222\n",
      "2632 0.005264 0.004649265416064262 0.004049118085259768 0.00709015828493686\n",
      "2726 0.005452 0.004829962546816479 0.004202235589333525 0.007325259536347098\n",
      "2675 0.00535 0.004756807466564033 0.003997630147397651 0.007298350068722128\n",
      "2650 0.0053 0.004495516503594009 0.004117051304332192 0.007286575309604486\n",
      "2759 0.005518 0.0047556142668428005 0.004247641692604563 0.0075629391893926165\n",
      "2686 0.005372 0.004619935320905507 0.0038639504837449674 0.007626362171326556\n",
      "2720 0.00544 0.004544498211655796 0.004262984088862203 0.007504712887878153\n",
      "2734 0.005468 0.004685047389673724 0.004143139766324512 0.007572532631440101\n",
      "2781 0.005562 0.004762162129701359 0.004358785527395086 0.007569386038687973\n",
      "2661 0.005322 0.004912516420041147 0.003723701359150996 0.007326929764602895\n",
      "2621 0.005242 0.004316305577672547 0.0041601099716027275 0.007241259620103173\n",
      "2621 0.005242 0.004408997221973295 0.004201099858761307 0.007122661372796727\n",
      "2707 0.005414 0.00480443781487938 0.004063798032834049 0.007381250300784446\n",
      "2573 0.005146 0.004379142836631649 0.0039042055934212032 0.007154303685786823\n",
      "2712 0.005424 0.004731832820568179 0.0038165652111393374 0.007730548893016657\n",
      "2630 0.00526 0.0046968120613652626 0.004105371193978789 0.006971622802293155\n",
      "2692 0.005384 0.004669843838983305 0.00428665177576958 0.007187829167863641\n",
      "2633 0.005266 0.004516614043001053 0.004212128293159336 0.007067243715008452\n",
      "2645 0.00529 0.004463804885054033 0.00418741376207331 0.007226755241052302\n",
      "2716 0.005432 0.0045639036709659965 0.00425572724984116 0.007473286148351022\n"
     ]
    },
    {
     "name": "stdout",
     "output_type": "stream",
     "text": [
      "2621 0.005242 0.004436238070116541 0.004062966986142702 0.007228409329691112\n",
      "2681 0.005362 0.004667346571479993 0.004231438689154312 0.0071865626874625076\n",
      "2688 0.005376 0.004530806483554073 0.004263868065967016 0.007334361664455955\n",
      "2663 0.005326 0.004485247319058998 0.004001031750316423 0.007490389632197281\n",
      "2696 0.005392 0.004383181039748027 0.004064576941781089 0.007732655599415995\n",
      "2626 0.005252 0.004533314170050184 0.0041718765028373565 0.007050197405527355\n",
      "2668 0.005336 0.004862207442178749 0.0042294729379817484 0.006911917967392997\n",
      "2726 0.005452 0.004614959911661626 0.0043250571375440154 0.0074160741607416075\n",
      "2617 0.005234 0.0043377553169088225 0.004362552661815396 0.0070013978797823385\n",
      "2706 0.005412 0.004648281999783521 0.00408251353344244 0.007501812538572618\n",
      "2666 0.005332 0.004546794089167684 0.00403117441547971 0.007427052512568858\n",
      "2687 0.005374 0.004603509951264015 0.0040406102342113006 0.0074747196230871135\n",
      "2666 0.005332 0.004480178966612143 0.0042278873121520365 0.007291773030050033\n",
      "2694 0.005388 0.004744396394018822 0.004107083970381029 0.0073156668188261295\n",
      "2691 0.005382 0.004866806345405567 0.004120647753795809 0.007155967705171731\n",
      "2625 0.00525 0.0044437257825928125 0.004083027555939276 0.007230727584443709\n",
      "2644 0.005288 0.00463057500810801 0.004353953641788359 0.0068784369696497216\n",
      "2670 0.00534 0.0046667306492634 0.0037938362167288966 0.007558397619704622\n",
      "2710 0.00542 0.004617820126049165 0.0041715073407694115 0.007472458823388075\n",
      "2719 0.005438 0.0046741028302622655 0.004135753559509232 0.0075026538163978865\n",
      "2755 0.00551 0.00475832857700742 0.004375082407374112 0.00739647632587687\n",
      "2727 0.005454 0.00480694216066349 0.004192393628522692 0.007358845596078478\n",
      "2670 0.00534 0.0047219841921392145 0.004158492110299339 0.007133658770327333\n",
      "2662 0.005324 0.004779044071410177 0.003943033074665562 0.007253692953040301\n",
      "2635 0.00527 0.0045679027108469755 0.003868087973434718 0.0073747552758326625\n",
      "2701 0.005402 0.004689958324826153 0.004192091481285735 0.00731868000239564\n",
      "2693 0.005386 0.004672251749091674 0.003984612803489682 0.007503316465877918\n",
      "2734 0.005468 0.004897071371059811 0.0038940297525406897 0.0076204212866973165\n",
      "2755 0.00551 0.004975572821834833 0.004164148832422924 0.007395792028645928\n",
      "2654 0.005308 0.0047094068304373874 0.003997182708572873 0.007210314822466958\n",
      "2663 0.005326 0.0046085164422493404 0.0041937261856263034 0.007176588480255381\n",
      "2678 0.005356 0.004643517074224281 0.0040634837041735985 0.007369839608225343\n",
      "2601 0.005202 0.00452995033211657 0.003983300089249881 0.007104849255467238\n",
      "2660 0.00532 0.0045105074320861095 0.00428922668293821 0.007155602926911055\n",
      "2621 0.005242 0.0043693842593983834 0.004026757293636168 0.0073340821585387095\n",
      "2615 0.00523 0.004391313489322079 0.004293133987811102 0.007000419186777651\n",
      "2676 0.005352 0.004489169653452885 0.0040069341555146335 0.007564151090763805\n",
      "2619 0.005238 0.004690775209162928 0.0038593610480202795 0.007165318418589021\n",
      "2626 0.005252 0.004674101284179366 0.0040651625165634385 0.007021762654803415\n",
      "2696 0.005392 0.004532267578336604 0.004113048707155743 0.00751381611143604\n",
      "2696 0.005392 0.004821184428293876 0.004052903581663609 0.007305848283486139\n",
      "2608 0.005216 0.004231311706629055 0.004317799663704059 0.00709555628801726\n",
      "2748 0.005496 0.004889255065159998 0.004123575205728589 0.007467956006079682\n",
      "2750 0.0055 0.004681603210242202 0.004186144705492053 0.0076281401610784946\n",
      "2661 0.005322 0.00456138666154511 0.004078637085519033 0.007316693787690246\n",
      "2724 0.005448 0.004865783951957167 0.004127800044333411 0.007343136141026484\n",
      "2731 0.005462 0.004755985515862293 0.004293338130359177 0.007336400664655105\n",
      "2668 0.005336 0.004802468468792959 0.004250097273353087 0.006960640523190113\n",
      "2836 0.005672 0.004992376909509432 0.00425631684311144 0.007770245907550299\n",
      "2665 0.00533 0.0046269693051764595 0.004171249631860173 0.007192646449606445\n",
      "2684 0.005368 0.004680168533946184 0.00448344019669286 0.006935460687077764\n",
      "2657 0.005314 0.0047352354397519406 0.0041716364682542065 0.0070346093183085755\n",
      "2617 0.005234 0.004721741637831603 0.0037443310827407305 0.007238156970777292\n",
      "2624 0.005248 0.0045994909417577485 0.003799515441543373 0.0073430600883086965\n",
      "2666 0.005332 0.004673402453235941 0.00431498171212737 0.007015559379550186\n",
      "2632 0.005264 0.004807059133412354 0.0039803691325685725 0.006998663782514126\n",
      "2741 0.005482 0.004710709494215393 0.004256826532817791 0.007468889593187703\n",
      "2741 0.005482 0.004696740927293018 0.004221238671604492 0.007531315365566321\n",
      "2699 0.005398 0.0046892404987483385 0.004029090996300671 0.007483381959274521\n",
      "2633 0.005266 0.0045414512273301896 0.004217629692113032 0.007030749807028357\n",
      "2703 0.005406 0.004410520441412087 0.004352367688022284 0.007453066070261487\n",
      "2673 0.005346 0.004623383165128538 0.004007281597145037 0.007404431867235839\n",
      "2803 0.005606 0.004920869533869282 0.0044254942001473166 0.007473931287857413\n",
      "2711 0.005422 0.004717829438776122 0.004221787783201602 0.007330321092097673\n",
      "2764 0.005528 0.00484313748996008 0.004281408000768612 0.00745955158673004\n",
      "2692 0.005384 0.004583248347271048 0.003991657077100115 0.00758149202801908\n",
      "2703 0.005406 0.004450789385287202 0.004150623794907527 0.007613589357760765\n",
      "2681 0.005362 0.004416279195016426 0.004352295475175685 0.007319474967275522\n",
      "2691 0.005382 0.004875237157472562 0.004101329788826421 0.007174402884182064\n",
      "2579 0.005158 0.004268853602371318 0.004264584158059524 0.006935917631485952\n",
      "2692 0.005384 0.004664363425163612 0.004162393316179955 0.007331978010080718\n",
      "2695 0.00539 0.004528654522364724 0.004184024851301563 0.007451109580425864\n",
